Data:
    {
        "x":543.5,
        "y":126.6875,
        "width":184.75684294445924,
        "height":181.12752971410217,
        "rotate":0,
        "scaleX":1,
        "scaleY":1
    }

Crop: 
    {
        "left":607,
        "top":126.6875,
        "width":191,
        "height":189
    }